14,1
14,0
8,72
8,71
8,70
8,69
8,68
8,67
8,66
8,65
8,64
8,35
8,34
8,33
8,32
8,31
8,30
8,29
8,28
8,27
8,26
8,25
8,24
8,23
8,22
8,21
8,20
8,19
8,18
8,17
8,16
8,15
8,14
8,13
8,12
8,11
8,10
8,9
8,8
8,7
8,6
8,5
8,4
8,3
8,2
8,1
8,0
7,3
7,2
7,1
7,0
4,3
4,2
4,1
4,0
3,6
3,5
3,4
3,3
3,2
3,1
3,0
2,9
2,8
2,7
2,6
2,5
2,4
2,3
2,2
2,1
2,0
1,3
1,2
1,1
1,0
0,447
0,446
0,408
0,371
195,5
0,366
0,354
195,1
0,350
0,338
195,3
0,333
195,0
0,322
198,1
0,318
0,317
0,316
0,311
198,3
0,243
199,1
198,0
199,10
199,3
199,0
197,1
197,80
197,4
197,7
197,3
197,0
0,9
0,310
0,305
0,308
0,304
0,303
0,302
0,307
0,12
0,10
0,8
0,0
0,409
0,300
0,299
0,344
0,298
0,321
0,297
0,429
0,296
0,385
0,295
0,329
0,294
0,346
0,293
0,444
0,292
0,426
0,291
0,400
0,290
0,327
0,289
0,436
0,288
0,399
0,287
0,360
0,286
0,433
0,285
0,406
0,284
0,424
0,283
0,443
0,282
0,306
0,281
0,422
0,280
0,415
0,279
0,369
0,278
0,331
0,277
0,325
0,276
0,367
0,275
0,445
0,274
14,2
14,3
23,1
23,2
30,0
30,1
30,3
40,1
40,2
58,0
58,1
58,3
62,0
62,1
62,3
63,0
63,2
63,3
63,5
64,0
64,1
64,3
64,4
64,6
65,1
65,2
65,4
65,5
70,0
70,1
70,3
70,5
116,0
116,2
116,3
119,1
119,3
119,4
119,6
126,0
126,2
126,3
135,1
135,3
135,4
186,1
186,2
186,4
187,1
187,2
188,0
188,1
188,3
188,5
188,6
189,1
189,2
189,4
189,5
190,1
190,3
190,4
191,0
191,1
191,3
191,5
192,0
192,2
192,3
192,5
193,0
193,2
193,4
194,0
194,2
194,3
194,5
195,4
195,6
195,8
196,0
196,2
196,3
197,2
197,6
197,8
197,10
197,11
197,13
197,15
197,16
197,18
197,19
197,21
197,23
197,24
197,26
197,27
197,29
197,30
197,32
197,34
197,35
197,64
197,65
197,67
197,69
197,70
197,72
197,73
197,75
197,76
197,78
197,81
197,82
197,84
197,85
197,87
197,89
197,90
197,92
197,93
197,95
197,96
197,98
197,100
197,101
197,103
198,2
198,5
199,4
199,5
199,7
199,8
199,11
199,9
199,6
199,2
198,4
197,102
197,99
197,97
197,94
197,91
197,88
197,86
197,83
197,79
197,77
197,74
197,71
197,68
197,66
197,36
197,33
197,31
197,28
197,25
197,22
197,20
197,17
197,14
197,12
197,9
197,5
196,4
196,1
195,7
195,2
194,4
194,1
193,3
193,1
192,4
192,1
191,4
191,2
190,5
190,2
190,0
189,3
189,0
188,4
188,2
187,3
187,0
186,3
186,0
135,2
135,0
126,1
119,5
119,2
119,0
116,1
70,4
70,2
65,6
65,3
65,0
64,5
64,2
63,6
63,4
63,1
62,2
58,4
58,2
40,3
40,0
30,2
23,3
23,0
0,324
0,273
0,343
0,272
0,410
0,271
0,345
0,270
0,420
0,269
0,355
0,268
0,405
0,267
0,314
0,266
0,342
0,265
0,393
0,264
0,430
0,263
0,358
0,262
0,320
0,261
0,434
0,260
0,341
0,259
0,368
0,258
0,397
0,257
0,432
0,256
0,337
0,255
0,414
0,254
0,398
0,253
0,403
0,252
0,330
0,251
0,442
0,250
0,323
0,249
0,359
0,248
0,404
0,247
0,391
0,246
0,390
0,245
0,389
0,244
0,340
0,242
0,441
0,241
0,431
0,240
0,352
0,239
0,396
0,238
0,357
0,237
0,328
0,236
0,363
0,235
0,388
0,234
0,421
0,233
0,387
0,232
0,395
0,231
0,370
0,230
0,361
0,229
0,417
0,228
0,336
0,227
0,312
0,226
0,356
0,225
0,423
0,224
0,386
0,223
0,384
0,222
0,407
0,221
0,416
0,220
0,440
0,219
0,394
0,218
0,349
0,217
0,365
0,216
0,428
0,215
0,326
0,214
0,213
0,380
0,212
0,334
0,211
0,382
0,210
0,378
0,209
0,427
0,208
0,392
0,207
0,383
0,206
0,362
0,205
0,375
0,204
0,319
0,203
0,419
0,202
0,315
0,201
0,313
0,200
0,438
0,199
0,437
0,198
0,348
0,197
0,418
0,196
0,381
0,195
0,401
0,194
0,364
0,193
0,402
0,192
0,374
0,63
0,373
0,62
0,439
0,61
0,353
0,60
0,347
0,59
0,309
0,58
0,435
0,57
0,301
0,56
0,412
0,55
0,379
0,54
0,377
0,53
0,413
0,52
0,425
0,51
0,376
0,50
0,351
0,49
0,372
0,48
0,411
0,47
0,339
0,46
0,332
0,45
0,335
0,6
0,5
0,1
0,11
0,4
0,2
0,3
0,7
